C:\Users\user\AppData\Local\Programs\Python\Python39\python.exe "C:/Users/user/Studia/Semestr V/Python/L3/ex1_Dabrowski.py"
[2, 3, 5, 7, 11, 13, 17, 19, 23, 29, 31, 37, 41, 43, 47, 53, 59, 61, 67, 71, 73, 79, 83, 89, 97]
[2, 3, 5, 7, 11, 13, 17, 19, 23, 29, 31, 37, 41, 43, 47, 53, 59, 61, 67, 71, 73, 79, 83, 89, 97]
[2, 3, 5, 7, 11, 13, 17, 19, 23, 29, 31, 37, 41, 43, 47, 53, 59, 61, 67, 71, 73, 79, 83, 89, 97]

Inputs for plot:
 [    100     209     439     921    1930    4047    8483   17782   37275
   78137  163789  343332  719685 1508590 3162277]
100%|██████████| 15/15 [9:57:01<00:00, 2388.13s/it]
array([0.00000000e+00, 0.00000000e+00, 1.03497505e-03, 2.98810005e-03,
       9.57727432e-03, 4.19754982e-02, 1.63973808e-01, 6.51125669e-01,
       2.58593011e+00, 1.05450807e+01, 4.70223539e+01, 1.94918445e+02,
       8.06097040e+02, 3.34312502e+03, 3.14168227e+04])
100%|██████████| 15/15 [5:42:50<00:00, 1371.35s/it]
  0%|          | 0/15 [00:00<?, ?it/s]array([0.00000000e+00, 0.00000000e+00, 9.97066498e-04, 2.99263000e-03,
       1.19669437e-02, 4.48799133e-02, 1.82510853e-01, 8.05846214e-01,
       2.89529419e+00, 1.16288676e+01, 4.56828854e+01, 1.93283524e+02,
       7.66421788e+02, 6.72002599e+03, 1.28292510e+04])
100%|██████████| 15/15 [4:38:47<00:00, 1115.15s/it]
array([0.00000000e+00, 1.00183487e-03, 0.00000000e+00, 1.99031830e-03,
       8.97574425e-03, 3.78990173e-02, 1.47602797e-01, 6.13362312e-01,
       2.51527309e+00, 1.03443043e+01, 4.29037404e+01, 1.76797096e+02,
       7.31490775e+02, 3.05364116e+03, 1.27088153e+04])