gini
[0.33  0.231 0.264 0.232 0.222 0.223]
[0.14716015 0.04658882 0.07064066 0.06376055 0.05820374 0.05782999]
['mean_err_rate', 0.3048667141212755, 25]
mean_err_rate
[0.329 0.317 0.257 0.237 0.224 0.231]
[0.10216102 0.13692713 0.05385882 0.03393336 0.07287156 0.05888204]
['mean_err_rate', 0.3048667141212755, 25]
infogain_ratio
[0.385 0.28  0.238 0.23  0.247 0.223]
[0.15107629 0.08611515 0.0530007  0.04779651 0.07761218 0.05863331]
['infogain_ratio', 0.32559301257399453, 25]
infogain
[0.371 0.311 0.239 0.227 0.221 0.21 ]
[0.14561903 0.13540395 0.05879116 0.0541536  0.05643809 0.06621517]
['infogain', 0.33387618428941657, 50]