infogain
[0.023 0.022 0.034 0.041 0.039 0.108]
[0.06229956 0.06226025 0.07134443 0.06986809 0.07736119 0.104634  ]
['infogain', 0.14652050315197754, 50]
infogain_ratio
[0.029 0.034 0.02  0.029 0.046 0.101]
[0.06189659 0.08376526 0.05098901 0.05788363 0.0850768  0.11696209]
['infogain_ratio', 0.12197802539660382, 25]
mean_err_rate
[0.021 0.022 0.02  0.029 0.045 0.089]
[0.06190264 0.07445136 0.05747681 0.0951518  0.09478675 0.10418182]
['infogain_ratio', 0.12197802539660382, 25]
gini
[0.024 0.031 0.032 0.05  0.039 0.089]
[0.05989463 0.07789773 0.07587399 0.0868939  0.07216794 0.11454345]
['infogain_ratio', 0.12197802539660382, 25]