
infogain
[0.054, 0.06, 0.052, 0.08, 0.073, 0.157]
[0.09511705145256333, 0.09549408442277274, 0.08819422178507214, 0.09692618925175778, 0.10345598009186303, 0.14966933478433772]

infogain_ratio
[0.04, 0.052, 0.056, 0.075, 0.074, 0.191]
[0.06498926469483535, 0.08532699461829041, 0.07369090993220483, 0.08707831329205176, 0.06918039646984872, 0.15915903886042784]

mean_err_rate
[0.05, 0.048, 0.03, 0.068, 0.084, 0.346]
[0.08550642434157814, 0.09931386511304627, 0.05447430529889066, 0.10048861723405557, 0.10387034933721351, 0.24136728523425982]

gini
[0.048, 0.048, 0.053, 0.057, 0.074, 0.212]
[0.0830235604636, 0.07386983609192851, 0.06818568293488785, 0.07571568806819096, 0.10671327292506727, 0.15783897399653551]