gini
[0.404 0.323 0.25  0.301 0.214 0.221]
[0.15934106 0.11238649 0.06757461 0.13668705 0.07074244 0.05670345]
['infogain_ratio', 0.28890119651178925, 75]
mean_err_rate
[0.419 0.383 0.313 0.255 0.248 0.246]
[0.13885998 0.17499878 0.13105826 0.05394514 0.06723099 0.05043265]
['infogain_ratio', 0.28890119651178925, 75]
infogain_ratio
[0.393 0.263 0.244 0.225 0.203 0.201]
[0.18114684 0.07347917 0.08116886 0.05000372 0.05777599 0.0439506 ]
['infogain_ratio', 0.28890119651178925, 75]
infogain
[0.355 0.301 0.293 0.243 0.228 0.221]
[0.15087471 0.10781184 0.10505373 0.05524008 0.06390073 0.04860727]
['infogain', 0.31821454988581893, 75]